1   3 4 5     8         12 13    15
1 2 3   5 6       10       13 14 15
1 2 3 4     7           12 13    15 16 17
1 2 3 4 5     8               14 15    17 18 19
1 2 3   5     8 9 10 11 12          16    18 19
1 2 3 4 5 6     9    11                   18 19    21    23 24
1 2 3 4 5 6 7     10                      18 19    21    23 24
1 2 3 4 5 6 7     10                      18 19    21    23 24 25
1 2 3 4 5 6 7     10                            20 21    23    25 26 27
1 2 3 4 5 6 7 8      11    13                         22 23    25    27 28 29
1 2 3 4 5 6 7 8      11    13                         22 23    25    27 28 29


1 2 3 4 5 6 7 8   10    12                      20 21    23    25 26 27




1   3 4 5     8         12 13    15

1 2 3   5 6       10       13 14 15

1 2 3 4     7           12 13    15 16 17

1 2 3 4 5     8               14 15    17 18 19

1 2 3 4 5     8 9 10 11 12          16    18 19
1 2 3 4 5     8   10                16 17    19 21 22

1 2 3 4 5 6     9    11                   18 19 21    23 24

1 2 3 4 5 6 7     10                      18 19    21    23 24

1 2 3 4 5 6 7     10    12                      20 21    23    25 27 28

1 2 3 4 5 6 7 8      11    13                         22 23    25 27 28 29


N< 8) Nothing
N= 8) 0   2 3 4     7        11 12    14
N= 9) 0 1 2   4 5       9       12 13 14
N=10) 0 1 2 3     6          11 12    14 15 16
N=11) 0 1 2 3 4     7              13 14    16 17 18
N=12) 0 1 2 3 4     7   9                15 16    18    20 21
N=13) 0 1 2 3 4 5     8   10                   17 18    20    22 23
N=14) 0 1 2 3 4 5 6     9                      17 18    20    22 23 24
N=15) 0 1 2 3 4 5 6     9    11                      19 20    22    24 25 26
N=16) 0 1 2 3 4 5 6 7     10    12                         21 22    24    26 27 28
N=17) 0 1 2 3 4 5 6 7 8      11                            21 22    24    26    28 29 30
N=18) 0 1 2 3 4 5 6 7 8      11    13                            23 24    26    28    30 31 32
N=19) 0 1 2 3 4 5 6 7 8 9       12    14                               25 26    28    30 31    33 34 
N=20) 0 1 2 3 4 5 6 7 8 9 10       13                                  25 26    28 29    30  


N=17) 0 1 2 3 4 5 6 7 8      11                            21 22    24 25       28 29 30
N=18) 0 1 2 3 4 5 6 7 8      11    13                            23 24    26    28 29 30 31
N=20) 0 1 2 3 4 5 6 7 8 9 10       13    15                                  27 28    30          34 35 37 38

N=10) 0 1 2 3     6          11 12    14 15 16
N=11) 0 1 2 3 4     7              13 14    16 17 18
N=12) 0 1 2 3 4       8 9 10              15 16    18    20 21o



N= 8) 0   2 3 4     7        11 12    14
N= 9) 0   2 3 4 5     8            13 14 16 17 18
N=10) 0   2 3 4 5     8            13 14 16 17 18 19
N=11) 0   2 3 4 5   7     10                17 18    20 21 23
N=12) 0   2 3 4 5 6 7     10                17 18    20 21 23

      0   2 3 4 5 6 7 8 9    11          16          20 22 23 24 25 27 28 29
